748 546
580 737
430 603
34 501
923 519
320 669
576 377
289 445
857 546
675 725
135 28
37 746
589 443
845 475
852 686
960 922
251 555
974 787
746 904
155 125
940 116
981 946
757 927
489 919
655 931
942 606
474 274
519 892
294 365
47 543
901 636
977 56
717 646
113 222
312 88
813 80
863 480
656 180
146 604
802 324
944 976
533 218
975 898
714 688
686 893
145 407
540 565
51 276
643 185
194 908
833 542
332 868
570 871
17 600
260 881
962 210
856 212
469 527
851 831
643 112
24 200
378 148
545 234
360 360
295 362
555 414
527 236
928 442
202 876
374 639
635 308
95 82
285 994
908 203
827 579
215 594
834 788
629 50
709 482
478 40
700 201
677 11
127 716
708 208
168 410
681 932
822 514
719 396
896 507
149 620
145 228
233 16
907 486
421 599
841 227
366 998
654 549
180 674
884 106
669 26